1,0.901874311,0.907675195,0.898408398,0.893575089,0.897938561,0.888212334,0.898579616,0.893703453,0.895648968,0.886034354,0.879640045,0.891135891,0.887758069,0.89578714,0.884887243,0.922140221,0.896897597,0.888252149,0.89871306,0.891127363,0.890732704,0.882647172,0.882060669,0.867190056,0.890385793,0.889469104,0.880507842,0.8824,0.875,0.871971185,0.897091723,0.882914573,0.896647185,0.880235294,0.889368771,0.879114055,0.854790973,0.872440574,0.880376994,0.886939882,0.879128226,0.880749945,0.882093872,0.879524941,0.875015942,0.874851485,0.88582131,0.882409178,0.884011799,0.878401156,0.885506115,0.880827019,0.882370775,0.867384166,0.880315833,0.882432432,0.888153261,0.884202537,0.89350336,0.872522255,0.888652388,0.885857208,0.715704698,0.71875,0.883747966,0.735102218,0.748303516,0.8710985,0.767807263,0.741130092,0.740132864,0.713023135,0.693774739,0.768437278,0.881705034,0.821285564,0.756040721,0.879648642,0.790285274,0.877767084,0.885553471,0.884272498,0.878547379,0.884597043,0.883575464,0.873602333,0.883487941,0.880024865,0.889060569,0.885007938,0.885113879,0.88182721,0.883119447,0.88738628,0.88433589,0.888569079,0.88695508,0.883453237,0.8827142,0.866412214,0.884190794,0.887198769,0.886768448,0.883228392,0.897373981,0.888438766,0.8890953,0.883434576,0.872653061,0.887320516,0.885461556,0.879898403,0.888554217,0.897877984,0.883001614,0.876108374,0.866780738,0.885667216,0.873878129,0.884769328,0.863455809
0.901874311,1,0.900150905,0.897859054,0.893033461,0.901589072,0.886123211,0.89828614,0.888114105,0.89107827,0.886900817,0.884153005,0.901086654,0.89347079,0.916579771,0.896700508,0.916416115,0.904966059,0.889856557,0.899270073,0.893244042,0.886204482,0.875690608,0.889911504,0.873900293,0.885520362,0.886135298,0.877562642,0.882147025,0.874446086,0.879057592,0.896656535,0.867176634,0.889178618,0.881415929,0.888670917,0.87672956,0.84100849,0.872216137,0.884767735,0.887625114,0.878169685,0.887319206,0.888970185,0.884982206,0.887405269,0.883119266,0.883274902,0.887964504,0.878549436,0.888808403,0.891167775,0.889308426,0.888031739,0.865921788,0.87517255,0.899814126,0.895015907,0.885057471,0.887345679,0.887988728,0.893149085,0.884844384,0.703616352,0.711603455,0.892931393,0.720838794,0.765864333,0.876844131,0.760352658,0.752908329,0.74490081,0.705487564,0.704004055,0.767809558,0.885544058,0.831794398,0.763177027,0.891044021,0.790027269,0.886738351,0.892194193,0.883910387,0.883267076,0.885394071,0.881144991,0.894421565,0.89031912,0.885835787,0.89200561,0.880026152,0.894905057,0.8849969,0.893976644,0.891654466,0.887496357,0.885313049,0.888526119,0.887438825,0.878043231,0.879281303,0.882428115,0.895119418,0.883670126,0.899545356,0.904115785,0.884197829,0.894239037,0.889954447,0.9,0.885352498,0.894295302,0.885080645,0.864686469,0.881447587,0.868548387,0.870451237,0.888696255,0.882408725,0.889304064,0.887035872,0.883623958
0.907675195,0.900150905,1,0.89768534,0.895486936,0.913100437,0.889951378,0.904476835,0.900471451,0.895489058,0.892997103,0.892701998,0.911092295,0.891891892,0.901793339,0.896400686,0.911657083,0.905165767,0.897649261,0.899695277,0.888451642,0.883914628,0.890382192,0.894263217,0.885986587,0.890307002,0.900094251,0.87601193,0.88308977,0.879105016,0.889914773,0.888427847,0.89148073,0.895867769,0.887021717,0.886725664,0.881777985,0.856348103,0.87607704,0.89556962,0.905259609,0.886308934,0.886385427,0.890311038,0.885849057,0.886051881,0.890885566,0.889224572,0.898908209,0.889033264,0.895108696,0.891712551,0.894114411,0.893240787,0.876677689,0.888759634,0.888325569,0.90158829,0.896437448,0.889159333,0.884468951,0.882837838,0.886831664,0.682846933,0.718435958,0.899311076,0.738255034,0.76379201,0.896551724,0.761811792,0.730345334,0.746010638,0.716157205,0.714389271,0.777434312,0.894998226,0.833278706,0.768164171,0.884872994,0.772990886,0.885390428,0.894939678,0.890569395,0.888747129,0.896439318,0.897043182,0.896809428,0.892337917,0.886413709,0.890372453,0.896959035,0.891784934,0.889649084,0.896491988,0.888308977,0.90458631,0.894691963,0.889263531,0.888223553,0.886133603,0.881593928,0.897897196,0.889113273,0.898382005,0.892884236,0.894915254,0.888568857,0.898763853,0.881049132,0.871817384,0.890616763,0.89199815,0.884179759,0.880223583,0.89566474,0.888430969,0.889448568,0.899161798,0.897903989,0.889360133,0.890268233,0.881417411
0.898408398,0.897859054,0.89768534,1,0.957649092,0.938500421,0.891907187,0.901275652,0.900559621,0.906099518,0.898432397,0.911854103,0.891495601,0.89346247,0.899237934,0.886574935,0.888297872,0.908011869,0.896607431,0.891273247,0.894915254,0.889280322,0.8936,0.878544676,0.881081081,0.886075949,0.868852459,0.900684932,0.890636704,0.871776504,0.875883739,0.902618658,0.890593047,0.893660532,0.882758621,0.876933896,0.893416928,0.842633481,0.879583522,0.885993485,0.882985878,0.872364672,0.89316026,0.892564243,0.879744224,0.88528481,0.884422111,0.874178123,0.900670578,0.875304433,0.897693079,0.89166194,0.887155486,0.890247727,0.862182116,0.877557071,0.896728016,0.896124524,0.882130178,0.891065292,0.874648966,0.889039978,0.891810669,0.71103716,0.717011412,0.893606138,0.704819277,0.762053851,0.884792627,0.764413898,0.745738636,0.743164872,0.703432752,0.717281273,0.772439949,0.890049977,0.834930314,0.76056338,0.88864361,0.764130435,0.885852646,0.879626542,0.883763838,0.88118307,0.892028254,0.891130727,0.887347392,0.89791438,0.876510067,0.903133903,0.873552124,0.898241875,0.887838419,0.882352941,0.892412231,0.898728987,0.895174709,0.878707098,0.89782319,0.890926641,0.887206662,0.882718608,0.884280237,0.890072271,0.885220611,0.875776398,0.878434066,0.890625,0.881462334,0.906614786,0.878718535,0.878435026,0.914342629,0.87921654,0.889489489,0.876966292,0.854717923,0.88259316,0.882727852,0.881417688,0.888146912,0.86415883
0.893575089,0.893033461,0.895486936,0.957649092,1,0.942785253,0.907112094,0.905723159,0.89913172,0.906718656,0.890350289,0.894145677,0.91928934,0.904808396,0.935224705,0.90052944,0.906892382,0.887270282,0.897355888,0.917107584,0.898424641,0.883815443,0.876660342,0.877972616,0.878927911,0.881539387,0.884940778,0.881446991,0.869162342,0.872,0.877121307,0.881415241,0.879715934,0.882186349,0.877938732,0.883029722,0.877021362,0.842300557,0.882117438,0.87816092,0.886199262,0.874736596,0.861749117,0.877396395,0.882683106,0.874266555,0.873416179,0.881271342,0.880892823,0.879755653,0.887595997,0.88184334,0.881000596,0.878723101,0.871060172,0.88921129,0.888044396,0.885568009,0.883797054,0.887388818,0.870836985,0.887315194,0.877133697,0.707556428,0.719981384,0.888119954,0.714657415,0.756153406,0.877400899,0.756973501,0.733115824,0.73935202,0.710513566,0.715094968,0.765072276,0.886641723,0.826205092,0.759735744,0.882707922,0.776290166,0.86365723,0.874925105,0.886136177,0.882130966,0.88464971,0.889104304,0.881911903,0.877902885,0.882223555,0.872314303,0.876389204,0.881997154,0.883066846,0.88553411,0.888065234,0.882578665,0.886354925,0.87310112,0.898376555,0.886694537,0.866374958,0.881515638,0.880482089,0.883528601,0.880588648,0.878982843,0.88372093,0.880335644,0.880897138,0.88597786,0.881882771,0.885933929,0.888624788,0.875262789,0.884594883,0.876995551,0.874815906,0.88016158,0.888541992,0.882290401,0.882245642,0.86586494
0.897938561,0.901589072,0.913100437,0.938500421,0.942785253,1,0.942754518,0.903133903,0.902041943,0.896362098,0.893864013,0.891293407,0.898865318,0.916953933,0.92226614,0.897238896,0.916616314,0.900266845,0.906273432,0.895522388,0.890443749,0.88811421,0.875454074,0.885704299,0.889414802,0.895348837,0.899571341,0.888588426,0.878295008,0.868360277,0.882017127,0.909840896,0.876184032,0.890625,0.880511612,0.897756687,0.88725778,0.845751308,0.886701097,0.884786325,0.886662492,0.873478484,0.870231395,0.885288066,0.881435049,0.879155125,0.884491404,0.885511111,0.895466667,0.88988989,0.875631951,0.883627755,0.886255924,0.879565039,0.868840219,0.887282092,0.881891108,0.883748517,0.882591702,0.883759866,0.883001134,0.885637823,0.890831815,0.688769644,0.708560176,0.879608483,0.724137931,0.747725393,0.881052002,0.762446298,0.731672932,0.758678611,0.700665188,0.706763504,0.76228312,0.893428876,0.832974293,0.760596026,0.89178744,0.775196569,0.875798282,0.885999133,0.868371212,0.879510096,0.870219026,0.88800905,0.886704789,0.877758052,0.875453446,0.886775763,0.881096589,0.881188119,0.887614004,0.88517402,0.882270004,0.898530243,0.88177624,0.88406456,0.890862217,0.881224402,0.891904993,0.88549194,0.887435201,0.885181551,0.889924995,0.90143824,0.887114909,0.888263666,0.882523568,0.876863611,0.883851754,0.887357699,0.888040712,0.878346323,0.886568239,0.889720362,0.872576177,0.879159935,0.887170155,0.891968573,0.886698139,0.868903494
0.888212334,0.886123211,0.889951378,0.891907187,0.907112094,0.942754518,1,0.916601563,0.888865368,0.904214559,0.88860416,0.881090909,0.889476667,0.891321345,0.924927114,0.891608392,0.911293812,0.891216557,0.887685291,0.893935733,0.879778315,0.877931904,0.873108265,0.870653686,0.880141388,0.874886122,0.870863971,0.886792453,0.868275316,0.885269122,0.870640027,0.874735506,0.880952381,0.882316697,0.881572482,0.890066225,0.869101979,0.854135894,0.868402858,0.875785768,0.879353624,0.872108482,0.88372093,0.884430593,0.884017111,0.878320031,0.869300912,0.887284017,0.875024108,0.876500858,0.886818496,0.873500545,0.88170407,0.889454001,0.863768116,0.873806276,0.87398374,0.884149856,0.88206443,0.874865543,0.863475595,0.880681074,0.87399589,0.703744192,0.715940054,0.878352941,0.727885047,0.759325044,0.880176211,0.758350064,0.742335515,0.750946404,0.730430275,0.70856102,0.765678233,0.881089292,0.83520798,0.765435191,0.875566399,0.771710176,0.878854254,0.88017775,0.874153298,0.880283411,0.88874842,0.881096923,0.872013183,0.882408278,0.884917175,0.870637208,0.868762816,0.88126183,0.882847896,0.878127696,0.882938026,0.873154502,0.860895146,0.881081081,0.882636304,0.876278923,0.85446527,0.875333927,0.871462479,0.883600812,0.880590471,0.879620853,0.879893829,0.884377417,0.876985528,0.878253198,0.874198908,0.893296219,0.876679297,0.88118307,0.875,0.88711013,0.871846115,0.87611688,0.884477709,0.869861951,0.879568984,0.88134715
0.898579616,0.89828614,0.904476835,0.901275652,0.905723159,0.903133903,0.916601563,1,0.955166318,0.917084029,0.897147344,0.900536033,0.907407407,0.894304772,0.921568627,0.907033806,0.906584992,0.905858586,0.908519334,0.896565991,0.891263504,0.89679098,0.888412017,0.893155259,0.876644737,0.899511135,0.905255366,0.89624443,0.869369369,0.887231504,0.898711944,0.896362388,0.885344828,0.896,0.885622231,0.898566703,0.882895671,0.855392157,0.882233913,0.874580537,0.895767196,0.889884763,0.87908374,0.890517241,0.888313856,0.87302922,0.884021788,0.898234201,0.900202977,0.894243902,0.891278842,0.886398594,0.891338583,0.900820283,0.875226586,0.889038031,0.893126657,0.886626445,0.894776828,0.890816036,0.880488285,0.894132929,0.889007308,0.693592058,0.717409707,0.883183065,0.741858618,0.768545994,0.879348631,0.767889908,0.761585706,0.756006768,0.711743772,0.720183486,0.77978636,0.887613843,0.830897704,0.774315789,0.891629297,0.795474326,0.891130146,0.886551265,0.893755549,0.893635571,0.901538462,0.899506347,0.888888889,0.891164781,0.881928626,0.903865717,0.89740519,0.889339885,0.903630363,0.894168467,0.898200965,0.888888889,0.899511514,0.890136986,0.892307692,0.885556433,0.888231815,0.896673744,0.893733757,0.89192399,0.895654371,0.880145909,0.893481276,0.900435594,0.872014697,0.888959796,0.894458028,0.87670765,0.89922049,0.879706152,0.891431135,0.910868577,0.874692875,0.889625585,0.889195149,0.892770761,0.887586964,0.892932713
0.893703453,0.888114105,0.900471451,0.900559621,0.89913172,0.902041943,0.888865368,0.955166318,1,0.939717425,0.900022119,0.885569335,0.89602613,0.910117057,0.92173913,0.906284454,0.916907514,0.886626887,0.901114604,0.882093102,0.894274072,0.886337543,0.878078818,0.880335062,0.882051282,0.892392392,0.879837067,0.884699454,0.859608746,0.886183166,0.889122438,0.886754967,0.880092237,0.876995305,0.879690049,0.888554217,0.877487989,0.852435934,0.87605042,0.88351732,0.892915215,0.877808435,0.891640867,0.876744186,0.871437144,0.872766123,0.870733185,0.878700062,0.890061566,0.878021775,0.891312384,0.874627459,0.885980221,0.888576779,0.870797444,0.873792524,0.885580852,0.893888516,0.883917775,0.877460493,0.875965003,0.873686338,0.888872811,0.673417722,0.712287438,0.87238891,0.731391586,0.760691975,0.879767292,0.759176863,0.740778689,0.730933496,0.699424342,0.716666667,0.766506824,0.884296176,0.829412706,0.760571539,0.883327266,0.781033153,0.870452761,0.88207658,0.883669522,0.868123293,0.904361132,0.880731004,0.881068875,0.890787949,0.872989276,0.886087768,0.888500524,0.885292991,0.880883766,0.894146949,0.892842701,0.886151998,0.883143049,0.891718171,0.895439032,0.884856943,0.886592475,0.893134514,0.889575497,0.896801113,0.886492622,0.887407407,0.888454967,0.876744186,0.870976184,0.893209877,0.886238532,0.869565217,0.884551032,0.870992366,0.890394089,0.887457045,0.862164297,0.887514061,0.882439744,0.881588808,0.888476985,0.883918241
0.895648968,0.89107827,0.895489058,0.906099518,0.906718656,0.896362098,0.904214559,0.917084029,0.939717425,1,0.895754359,0.931439765,0.907308378,0.90760528,0.919382504,0.898360656,0.922290389,0.902644231,0.896650718,0.886075949,0.885041551,0.903288201,0.88,0.893741851,0.896882494,0.88751926,0.877790834,0.904374364,0.883381924,0.879380603,0.859545837,0.890510949,0.876168224,0.883346742,0.884896468,0.888353414,0.888888889,0.850471932,0.880678377,0.869230769,0.894211577,0.865323097,0.89580974,0.879549114,0.875,0.88093689,0.880255634,0.887853816,0.902339776,0.878835811,0.86809816,0.894949495,0.888737666,0.895938104,0.873394495,0.871369295,0.892822345,0.884965417,0.875711035,0.891708968,0.877298764,0.886938913,0.892652672,0.688652482,0.710982659,0.878751501,0.740068104,0.764069264,0.874213836,0.756581986,0.733217088,0.75377129,0.700068166,0.722113503,0.771604938,0.87611127,0.827456258,0.74512885,0.888013998,0.774358974,0.879421222,0.885135135,0.883046238,0.888414634,0.873313783,0.893640351,0.879518072,0.898489141,0.890761185,0.880804954,0.880048222,0.885006784,0.879645036,0.888008452,0.883989145,0.894021739,0.882984737,0.876527602,0.901393355,0.883359873,0.875219684,0.881172002,0.886528029,0.884912959,0.878571429,0.889502762,0.892945037,0.899365367,0.87023915,0.889858233,0.881314668,0.891206313,0.866215072,0.875611461,0.877130682,0.872615804,0.878423514,0.862430598,0.889589905,0.878469617,0.882897603,0.87618446
0.886034354,0.886900817,0.892997103,0.898432397,0.890350289,0.893864013,0.88860416,0.897147344,0.900022119,0.895754359,1,0.886372361,0.8863915,0.891291291,0.904383976,0.897009967,0.905677656,0.883357383,0.904868914,0.890431334,0.888325608,0.883898954,0.881024096,0.889122992,0.893249085,0.885619835,0.889945652,0.887369268,0.880761099,0.87267525,0.881079162,0.879523201,0.875754527,0.889335394,0.882098171,0.891848003,0.879744136,0.837179251,0.878157156,0.881266491,0.891967188,0.87669032,0.888147654,0.883556255,0.881334252,0.880612116,0.882466547,0.886665714,0.890090786,0.888386483,0.892273403,0.889364462,0.887780549,0.878026634,0.878517742,0.878303199,0.884398255,0.886038186,0.881236745,0.895782503,0.873550982,0.886396622,0.883693799,0.69851552,0.718240324,0.885099178,0.731263858,0.761977887,0.861386139,0.770497804,0.740955631,0.756628003,0.720084903,0.69480057,0.774241671,0.884888161,0.833933532,0.758393434,0.88031764,0.780904787,0.876524893,0.88432657,0.880234362,0.87073751,0.883554899,0.885603589,0.882754995,0.887300715,0.886919453,0.884835025,0.889438944,0.888580792,0.883934153,0.879218107,0.881544157,0.885440533,0.885095073,0.880434783,0.887967735,0.880100439,0.875733517,0.880916031,0.886792453,0.888229665,0.890522638,0.886356128,0.894567609,0.880842912,0.883944878,0.893377759,0.886683417,0.879336679,0.875949367,0.884935065,0.875,0.891530055,0.862518816,0.882142003,0.877465244,0.877699001,0.883876538,0.885863586
0.879640045,0.884153005,0.892701998,0.911854103,0.894145677,0.891293407,0.881090909,0.900536033,0.885569335,0.931439765,0.886372361,1,0.901785714,0.888577435,0.917626218,0.885885886,0.881632653,0.905602923,0.874100719,0.880385852,0.894197952,0.874401914,0.870754717,0.881181319,0.896425966,0.882632831,0.88482835,0.870026525,0.889344262,0.883952856,0.876251137,0.8812074,0.875739645,0.881846635,0.873629544,0.899755501,0.892610837,0.823844282,0.875568182,0.881998796,0.892793752,0.885761047,0.886741814,0.892910559,0.877973359,0.87586434,0.874958759,0.887644046,0.878181818,0.893277311,0.88184438,0.881680568,0.889105058,0.87517934,0.876538146,0.877557866,0.886186467,0.882458021,0.887308827,0.899378882,0.867902665,0.88157081,0.888427847,0.730691739,0.719195306,0.873479319,0.718715393,0.768575851,0.886102403,0.780852995,0.74567474,0.775211017,0.7284689,0.725203252,0.785040855,0.881684319,0.833201163,0.752580544,0.890418818,0.775015934,0.88533017,0.885519333,0.869408043,0.870775348,0.882169576,0.898590022,0.888395688,0.893561104,0.883279045,0.878612717,0.863636364,0.891900216,0.892094017,0.880186722,0.878369906,0.88632792,0.875694795,0.898604269,0.88781014,0.882903105,0.866435386,0.879691517,0.882867133,0.874511507,0.888971963,0.88372093,0.880227365,0.884559885,0.880290723,0.874884152,0.878696439,0.880815473,0.88558952,0.86125,0.892857143,0.877013177,0.859052248,0.886267393,0.880220646,0.881055534,0.874081847,0.87227002
0.891135891,0.901086654,0.911092295,0.891495601,0.91928934,0.898865318,0.889476667,0.907407407,0.89602613,0.907308378,0.8863915,0.901785714,1,0.928019324,0.926787252,0.896156601,0.910119048,0.904609475,0.906999511,0.8878125,0.891545392,0.874873182,0.879394267,0.862598144,0.883701188,0.88875502,0.881533101,0.880939377,0.875454074,0.877630935,0.882858435,0.879243183,0.883892617,0.878504673,0.889495225,0.901866922,0.864530635,0.835046249,0.878648233,0.866623292,0.882215122,0.87406765,0.882137405,0.882936508,0.886091127,0.8768531,0.879539415,0.886367863,0.891321551,0.890155773,0.883299799,0.889869396,0.887592027,0.88365424,0.870405728,0.87770841,0.892428914,0.888068635,0.874211902,0.882778582,0.879509056,0.883783301,0.885365547,0.68957346,0.707443739,0.874270901,0.700421941,0.766638935,0.863170585,0.753099174,0.718374885,0.742353265,0.698913781,0.688274547,0.763318357,0.886083744,0.834383052,0.74836217,0.890722641,0.775759693,0.881647432,0.890656064,0.881257276,0.88178025,0.89318413,0.890870617,0.888623978,0.884036516,0.883666275,0.874664279,0.896345117,0.893033461,0.892490119,0.879682179,0.893034826,0.89084507,0.880726257,0.880451977,0.88803681,0.874698795,0.879789272,0.878056052,0.885257634,0.890047158,0.880275974,0.881370826,0.893045775,0.887801006,0.885294792,0.878921299,0.898710286,0.878616165,0.887236084,0.876594278,0.884336476,0.887281036,0.867387387,0.879441624,0.885364749,0.883244397,0.889873044,0.874243443
0.887758069,0.89347079,0.891891892,0.89346247,0.904808396,0.916953933,0.891321345,0.894304772,0.910117057,0.90760528,0.891291291,0.888577435,0.928019324,1,0.957894737,0.890098315,0.896917148,0.915503043,0.894294075,0.89338072,0.885990086,0.886716792,0.882615156,0.895782841,0.882926829,0.883693746,0.881157154,0.88478582,0.874204947,0.875168691,0.868810289,0.882209586,0.865440465,0.895950506,0.880698351,0.884004884,0.872148084,0.855325336,0.870868224,0.884395814,0.889957907,0.875,0.872340426,0.884471118,0.880530973,0.866139788,0.881193256,0.884635692,0.886653772,0.88,0.867679928,0.879574358,0.879946164,0.877027426,0.866289353,0.870694224,0.889941131,0.885057471,0.882562278,0.87723362,0.878884826,0.885060241,0.882167962,0.69613878,0.705902136,0.891404806,0.748287671,0.739774748,0.888426311,0.763790665,0.737750173,0.740169622,0.700958144,0.703424658,0.768633905,0.882607705,0.831265509,0.761927828,0.877613912,0.770491803,0.86827774,0.878603459,0.874387684,0.877649326,0.89261129,0.874025974,0.862426036,0.880200861,0.889135255,0.878653113,0.867924528,0.884068627,0.872149837,0.872069925,0.86935867,0.885258359,0.883116883,0.87953327,0.890034364,0.880662021,0.862308762,0.878089652,0.881184786,0.882272882,0.878378378,0.891769281,0.890019072,0.886836935,0.872704243,0.875706215,0.894369271,0.884997838,0.877192982,0.87657563,0.882444329,0.872820513,0.860111505,0.889411765,0.87111399,0.890822785,0.88261576,0.873800384
0.89578714,0.916579771,0.901793339,0.899237934,0.935224705,0.92226614,0.924927114,0.921568627,0.92173913,0.919382504,0.904383976,0.917626218,0.926787252,0.957894737,1,0.904183536,0.911764706,0.899464604,0.910447761,0.904761905,0.890490903,0.903989182,0.886089814,0.899678457,0.891797557,0.894874023,0.885204082,0.877574371,0.876404494,0.871892925,0.884853853,0.903826267,0.870056497,0.888504754,0.875816993,0.882511211,0.872979215,0.868010999,0.883215962,0.882474227,0.889858687,0.892596455,0.877815315,0.898191561,0.884764543,0.881753313,0.894639556,0.880084896,0.898197243,0.892192094,0.884961885,0.900533537,0.907984246,0.878622428,0.896500739,0.878876323,0.895013123,0.905460473,0.883070515,0.8994614,0.895059735,0.895,0.883541147,0.695557174,0.733986928,0.881587953,0.69193154,0.763990268,0.901542112,0.755291688,0.727029438,0.741596639,0.701949861,0.703874539,0.774841084,0.892981899,0.839411931,0.765232975,0.891690915,0.804469274,0.888463176,0.885701677,0.890942699,0.880557399,0.889325475,0.888436955,0.897265336,0.885476314,0.882665094,0.887237762,0.897160883,0.886746143,0.899130435,0.884457478,0.885989011,0.905472637,0.897840047,0.872312418,0.894003634,0.889896373,0.889838557,0.888330542,0.896003633,0.882507903,0.897301651,0.903985507,0.890497738,0.889415482,0.877883311,0.869477912,0.881553398,0.892836342,0.899396378,0.891129032,0.887108014,0.891240876,0.876244666,0.882022472,0.888034188,0.882427844,0.881313131,0.896120973
0.884887243,0.896700508,0.896400686,0.886574935,0.90052944,0.897238896,0.891608392,0.907033806,0.906284454,0.898360656,0.897009967,0.885885886,0.896156601,0.890098315,0.904183536,1,0.900224215,0.884762747,0.898213901,0.895026027,0.883640372,0.89241774,0.887755102,0.873546078,0.886639676,0.902987698,0.885624344,0.890270991,0.877161056,0.884492406,0.887189293,0.891209325,0.883462819,0.879972565,0.890127389,0.885958107,0.884578544,0.853401015,0.877165762,0.890681502,0.888219178,0.888015145,0.892044001,0.895494725,0.884927066,0.879265092,0.8866687,0.882570504,0.904046725,0.877055703,0.890832008,0.88307284,0.885133158,0.902768622,0.885226604,0.886259542,0.885568009,0.889259506,0.888819174,0.88749532,0.885166207,0.882260146,0.888122376,0.703342206,0.724904996,0.882855568,0.720212766,0.758289125,0.883612663,0.756359876,0.74078341,0.757959006,0.729971182,0.703957382,0.767817982,0.886110089,0.841916168,0.771025426,0.889727297,0.773638968,0.883878035,0.891684511,0.880416589,0.877656519,0.887855434,0.899102079,0.889406286,0.879789175,0.884090345,0.899926686,0.892779587,0.894468203,0.890264223,0.890149796,0.895069152,0.905744431,0.894459707,0.890381515,0.88555214,0.891198659,0.890681727,0.883107627,0.887560778,0.88989919,0.885856478,0.900318134,0.898516212,0.88980121,0.891333719,0.879115922,0.893943623,0.895228726,0.899350649,0.902486188,0.890625,0.885688569,0.873837209,0.897506166,0.893279173,0.893234476,0.893827788,0.881668558
0.922140221,0.916416115,0.911657083,0.888297872,0.906892382,0.916616314,0.911293812,0.906584992,0.916907514,0.922290389,0.905677656,0.881632653,0.910119048,0.896917148,0.911764706,0.900224215,1,0.904831625,0.903834808,0.894660895,0.912715995,0.886541471,0.889490791,0.906024096,0.885034688,0.881237525,0.896402878,0.909319899,0.878220141,0.879402348,0.882701422,0.891146589,0.870639535,0.883632923,0.893617021,0.886899152,0.878434066,0.840909091,0.879693487,0.886824324,0.906093906,0.887293299,0.88093689,0.896593186,0.883897501,0.881552621,0.883820998,0.893926056,0.895871842,0.887203423,0.892628205,0.89039932,0.888974855,0.89178744,0.890742734,0.903985507,0.890524726,0.893961008,0.88822913,0.900435256,0.881728045,0.888154998,0.898630935,0.706329114,0.729251306,0.888978278,0.717990276,0.739410681,0.897727273,0.763453578,0.75,0.744258225,0.730290456,0.693005181,0.763939764,0.891732964,0.857767317,0.791943829,0.881484286,0.78836425,0.884411453,0.887573964,0.895582329,0.899681529,0.896978022,0.893230984,0.904142973,0.886727689,0.879765396,0.881052632,0.879285714,0.886,0.894455578,0.891506067,0.909245123,0.894324853,0.881906077,0.910197869,0.875364431,0.88750648,0.876681614,0.889570552,0.893297587,0.882665094,0.897607656,0.888888889,0.881138393,0.903465347,0.8865048,0.90582404,0.893086244,0.874063989,0.869072165,0.881610103,0.889632107,0.900257954,0.87806874,0.901725431,0.895256917,0.884653465,0.88178025,0.890977444
0.896897597,0.904966059,0.905165767,0.908011869,0.887270282,0.900266845,0.891216557,0.905858586,0.886626887,0.902644231,0.883357383,0.905602923,0.904609475,0.915503043,0.899464604,0.884762747,0.904831625,1,0.912598655,0.897722887,0.889613414,0.898194391,0.880881477,0.886309992,0.885939036,0.884003742,0.877867746,0.900763359,0.881398252,0.887278583,0.895789474,0.873970868,0.8792,0.888721047,0.893670886,0.907329843,0.889254026,0.848457888,0.878437048,0.879912664,0.907976994,0.883783784,0.881184543,0.901331245,0.890954151,0.891188646,0.887419955,0.885428011,0.891800247,0.894525268,0.887249338,0.899729561,0.894376427,0.891610987,0.880701754,0.891920474,0.894079742,0.882997262,0.890880057,0.892885272,0.884326306,0.895168067,0.894924946,0.712359551,0.716566307,0.896704924,0.742160279,0.789945246,0.893660532,0.765395894,0.735554399,0.759865402,0.741330069,0.75,0.764765577,0.89474609,0.841132199,0.767963211,0.892463235,0.793033617,0.883862434,0.886035706,0.879145587,0.882029099,0.896524795,0.899560578,0.893824027,0.89387145,0.89929078,0.874867444,0.889270714,0.898933989,0.889872173,0.881907168,0.893838468,0.896171516,0.900993377,0.893489583,0.880952381,0.884418435,0.883797054,0.889662028,0.897372061,0.885404455,0.893025448,0.902912621,0.888059701,0.888370737,0.900257954,0.891628812,0.891304348,0.886517615,0.900117509,0.877172654,0.884180791,0.888377926,0.864600326,0.891164202,0.887399464,0.886277483,0.89935615,0.882522671
0.888252149,0.889856557,0.897649261,0.896607431,0.897355888,0.906273432,0.887685291,0.908519334,0.901114604,0.896650718,0.904868914,0.874100719,0.906999511,0.894294075,0.910447761,0.898213901,0.903834808,0.912598655,1,0.896969697,0.890192245,0.889593909,0.876239962,0.887917072,0.881025249,0.898619329,0.879854997,0.893719807,0.891159696,0.879860201,0.887462559,0.886435331,0.889506173,0.878964637,0.893452381,0.886831276,0.886034436,0.853106025,0.87802136,0.881481481,0.900019566,0.874489796,0.882780922,0.889468196,0.882440109,0.880291518,0.886868362,0.890893617,0.890760346,0.887304922,0.891460744,0.88933634,0.895789303,0.882992687,0.863337714,0.881669753,0.892491207,0.891248154,0.892237189,0.896013499,0.887540567,0.890686275,0.889333778,0.697641675,0.716652944,0.881055991,0.716292135,0.753536858,0.879719525,0.76131246,0.745650373,0.745415575,0.738813075,0.694432456,0.768885449,0.892219648,0.833355117,0.7618825,0.884967133,0.76852459,0.882389163,0.883524904,0.887320932,0.883373934,0.88547405,0.89201995,0.881453155,0.887523191,0.893083494,0.881137958,0.885407846,0.890617778,0.892541087,0.89040391,0.88227726,0.892051282,0.889887064,0.8962,0.891632373,0.887511916,0.896743787,0.895971443,0.893922893,0.889386476,0.89,0.896511628,0.889526542,0.892536608,0.88550283,0.883663366,0.885220611,0.886946716,0.873946037,0.883429966,0.888851006,0.895649218,0.880196399,0.888438134,0.876928867,0.896296296,0.890820762,0.887990044
0.89871306,0.899270073,0.899695277,0.891273247,0.917107584,0.895522388,0.893935733,0.896565991,0.882093102,0.886075949,0.890431334,0.880385852,0.8878125,0.89338072,0.904761905,0.895026027,0.894660895,0.897722887,0.896969697,1,0.895820072,0.906226557,0.885677585,0.88085456,0.887413963,0.88871054,0.878939828,0.886754967,0.876760563,0.885638298,0.897191309,0.889413351,0.881028939,0.894518655,0.888421857,0.891117479,0.88113879,0.842457421,0.884300595,0.882617587,0.89031477,0.879574468,0.894416244,0.885776718,0.8840399,0.871843434,0.882290562,0.888451444,0.884580153,0.889061288,0.888480392,0.884567646,0.895687274,0.887659784,0.879976581,0.883910836,0.88336887,0.88365072,0.888210348,0.882479784,0.883699293,0.885850694,0.886811305,0.701629753,0.712424709,0.888391191,0.7303207,0.759388039,0.891961415,0.7785672,0.753668763,0.756814052,0.71113114,0.726815642,0.773357086,0.896092518,0.834379358,0.758305152,0.885079487,0.788082249,0.874844798,0.891218873,0.87904157,0.882606989,0.897505846,0.894754885,0.887658877,0.882094792,0.88311247,0.88992731,0.868605079,0.889325732,0.8937583,0.883604922,0.886672326,0.876780391,0.880441845,0.885796046,0.882820976,0.880278192,0.872397224,0.888771559,0.891411379,0.888181567,0.892423896,0.89697591,0.888203753,0.886289606,0.880554769,0.879278158,0.887084871,0.8813157,0.883659439,0.882073434,0.883318545,0.889967638,0.872018175,0.888801879,0.870122929,0.878251821,0.889644013,0.881671494
0.891127363,0.893244042,0.888451642,0.894915254,0.898424641,0.890443749,0.879778315,0.891263504,0.894274072,0.885041551,0.888325608,0.894197952,0.891545392,0.885990086,0.890490903,0.883640372,0.912715995,0.889613414,0.890192245,0.895820072,1,0.87022383,0.872208863,0.874853801,0.88036719,0.868389058,0.872614108,0.884040881,0.860702152,0.872837924,0.886422136,0.876615746,0.874352941,0.875,0.880957759,0.889298893,0.876738306,0.852794497,0.866538132,0.870790542,0.877451682,0.87621124,0.876633112,0.884413922,0.87763638,0.879292404,0.869765703,0.883060389,0.87366548,0.875433688,0.879434268,0.87669228,0.881903144,0.879818594,0.870485883,0.871277997,0.884861904,0.874760471,0.882017225,0.885085182,0.873119469,0.884064829,0.884658844,0.694847424,0.719552899,0.877279102,0.75096941,0.759322034,0.882004736,0.758130081,0.741199478,0.732769711,0.706735497,0.714966635,0.76430131,0.883392948,0.82895117,0.755405884,0.877013496,0.790294627,0.875690195,0.872496758,0.881234015,0.873592278,0.877855888,0.885301109,0.887705712,0.889152141,0.878344998,0.87607362,0.873221491,0.88312611,0.890684221,0.877749659,0.877133106,0.880650278,0.880092682,0.878504673,0.884542347,0.873990307,0.87915601,0.885316605,0.887445184,0.877234007,0.885612399,0.888665132,0.87318671,0.881007271,0.875076923,0.879385101,0.88973122,0.879883624,0.887622665,0.86493064,0.863924051,0.88690013,0.86749285,0.877629496,0.883108935,0.88572754,0.875998403,0.863986913
0.890732704,0.886204482,0.883914628,0.889280322,0.883815443,0.88811421,0.877931904,0.89679098,0.886337543,0.903288201,0.883898954,0.874401914,0.874873182,0.886716792,0.903989182,0.89241774,0.886541471,0.898194391,0.889593909,0.906226557,0.87022383,1,0.889252591,0.896032329,0.905555556,0.910823171,0.889223359,0.90795207,0.889019378,0.896497648,0.878712871,0.892316647,0.87808418,0.903255814,0.909238777,0.917010546,0.89202454,0.857991361,0.89239647,0.887709688,0.887476008,0.883886256,0.879549967,0.891408803,0.891133896,0.880933699,0.895471088,0.894169329,0.888107791,0.890795353,0.876606684,0.893762575,0.888888889,0.889095993,0.874506486,0.883816574,0.879757954,0.881441048,0.894240318,0.893390192,0.877130045,0.894832827,0.896151747,0.703993413,0.730392797,0.889830508,0.717655468,0.782548476,0.900747791,0.776800908,0.737913486,0.748317237,0.725161781,0.714830971,0.772238164,0.883132126,0.835323696,0.769128788,0.877654906,0.790255987,0.887522419,0.889826422,0.878998609,0.87342242,0.899224806,0.880330999,0.895029674,0.893198091,0.881016949,0.892307692,0.891651206,0.890357698,0.889325475,0.889399409,0.894305772,0.889493914,0.894995093,0.887935517,0.89889065,0.880009716,0.88189415,0.889621087,0.896303901,0.893325727,0.89957265,0.90407785,0.886563615,0.893866506,0.890775469,0.900067069,0.895044869,0.891283056,0.882887701,0.875804619,0.883986928,0.883994767,0.870702541,0.884684685,0.900195695,0.882777501,0.889312977,0.896810507
0.882647172,0.875690608,0.890382192,0.8936,0.876660342,0.875454074,0.873108265,0.888412017,0.878078818,0.88,0.881024096,0.870754717,0.879394267,0.882615156,0.886089814,0.887755102,0.889490791,0.880881477,0.876239962,0.885677585,0.872208863,0.889252591,1,0.890707189,0.908974359,0.9193729,0.879218472,0.885400314,0.897529735,0.902131018,0.88847352,0.924740484,0.902575588,0.896159317,0.899615754,0.9192673,0.911054638,0.893282313,0.898092369,0.896708861,0.888235294,0.882584951,0.893081761,0.886308806,0.880811078,0.891965916,0.88255888,0.886467144,0.881960971,0.894504281,0.873938602,0.885587863,0.882868775,0.88719404,0.859172078,0.884486232,0.881419504,0.888852566,0.895201038,0.885115304,0.874342652,0.890393701,0.895532194,0.714649682,0.719538264,0.908458864,0.735099338,0.75498008,0.904397706,0.767663632,0.744874715,0.75715696,0.717325228,0.724342663,0.750595238,0.890708915,0.843162176,0.741974561,0.891579837,0.760143198,0.879622915,0.887383901,0.885077187,0.862350723,0.885783718,0.896280775,0.893227578,0.891153513,0.889000502,0.868916797,0.891657638,0.891217257,0.875708885,0.885912698,0.894939142,0.886353263,0.903536977,0.885270731,0.900253165,0.888677812,0.859607843,0.882109617,0.897816234,0.887373515,0.892031735,0.879968823,0.885388994,0.904265403,0.889389594,0.889166667,0.888755981,0.910295617,0.890082645,0.892356688,0.884760705,0.891537545,0.885646218,0.89001692,0.894776684,0.891678623,0.891304348,0.880097383
0.882060669,0.889911504,0.894263217,0.878544676,0.877972616,0.885704299,0.870653686,0.893155259,0.880335062,0.893741851,0.889122992,0.881181319,0.862598144,0.895782841,0.899678457,0.873546078,0.906024096,0.886309992,0.887917072,0.88085456,0.874853801,0.896032329,0.890707189,1,0.889285714,0.90832106,0.886884108,0.883949192,0.892289582,0.893459916,0.894387755,0.894638404,0.884358784,0.904740201,0.895227442,0.900621118,0.894856771,0.855634807,0.885724457,0.906190657,0.889209325,0.880776155,0.886298422,0.893876747,0.889067524,0.875816993,0.8830977,0.89008766,0.886961722,0.885333333,0.889901291,0.879355488,0.894912427,0.901006319,0.893295292,0.882473289,0.891790307,0.886831752,0.885892116,0.89802723,0.875295831,0.884840871,0.893053403,0.684431389,0.721048299,0.885066458,0.729938272,0.793488824,0.885775862,0.753412721,0.74056353,0.732692945,0.714634146,0.68592437,0.75209838,0.8894081,0.83766125,0.764541833,0.891137343,0.776774723,0.881944444,0.869470828,0.882269504,0.883939039,0.883281972,0.885643913,0.890478136,0.88071066,0.88663401,0.894160584,0.886651752,0.883408072,0.88628649,0.884641407,0.896023198,0.875857563,0.893381252,0.885615711,0.881097561,0.871935316,0.888566454,0.885185185,0.892742641,0.874556213,0.883301251,0.898409441,0.892653906,0.892510185,0.876495132,0.882154882,0.892108273,0.879310345,0.876085698,0.868787276,0.893785809,0.876670979,0.882695507,0.892884179,0.893426295,0.87873549,0.896680217,0.8781893
0.867190056,0.873900293,0.885986587,0.881081081,0.878927911,0.889414802,0.880141388,0.876644737,0.882051282,0.896882494,0.893249085,0.896425966,0.883701188,0.882926829,0.891797557,0.886639676,0.885034688,0.885939036,0.881025249,0.887413963,0.88036719,0.905555556,0.908974359,0.889285714,1,0.908887896,0.907216495,0.913971094,0.874270901,0.91344294,0.894566624,0.909967846,0.895699909,0.902951192,0.900920649,0.902409639,0.900373134,0.865717192,0.912209889,0.890393013,0.882440036,0.883202432,0.887601888,0.893931795,0.884112857,0.870920245,0.896060991,0.892357374,0.898254734,0.888581952,0.903562945,0.894169525,0.893157263,0.896756918,0.882416787,0.880346508,0.894333488,0.894597769,0.889372822,0.890614217,0.886628571,0.888133031,0.894273919,0.699164345,0.729030089,0.895688456,0.698784722,0.768427518,0.904682274,0.762021762,0.736175883,0.753363229,0.689468504,0.704047777,0.782567504,0.886105759,0.838496489,0.76217765,0.886025328,0.763304612,0.887391723,0.88284251,0.879725086,0.875536481,0.895172414,0.890310078,0.885925926,0.889086385,0.901473684,0.880385852,0.883543165,0.887147335,0.902886115,0.898065476,0.889483934,0.885532591,0.902117459,0.889549437,0.889387755,0.892238806,0.885164051,0.89471494,0.893515358,0.889827526,0.887936132,0.89346247,0.889949109,0.887380192,0.880449141,0.892537313,0.885163068,0.896103896,0.890943878,0.884309831,0.891347099,0.88363029,0.882324219,0.873844732,0.8878327,0.887328439,0.896098388,0.866504854
0.890385793,0.885520362,0.890307002,0.886075949,0.881539387,0.895348837,0.874886122,0.899511135,0.892392392,0.88751926,0.885619835,0.882632831,0.88875502,0.883693746,0.894874023,0.902987698,0.881237525,0.884003742,0.898619329,0.88871054,0.868389058,0.910823171,0.9193729,0.90832106,0.908887896,1,0.968155683,0.928690575,0.92826087,0.908385093,0.929936306,0.95,0.913261649,0.900630915,0.897321429,0.90674712,0.907055631,0.89246988,0.89877836,0.910931174,0.893930104,0.884940778,0.880718954,0.901559454,0.888025171,0.886439866,0.892166836,0.891052632,0.88579795,0.891283974,0.875534442,0.898784421,0.891814265,0.886554622,0.872733865,0.883579054,0.88985089,0.887975043,0.881331404,0.896727042,0.885974191,0.882279116,0.895166898,0.697493036,0.723404255,0.888027562,0.748902546,0.762945915,0.883794466,0.75971223,0.755841121,0.76208749,0.721417069,0.714915041,0.772242817,0.878333701,0.823877746,0.772251309,0.888814913,0.798777382,0.879087909,0.878024853,0.885964912,0.876930064,0.878925808,0.883269962,0.897555902,0.898244357,0.881078691,0.874681934,0.87854251,0.890023202,0.885954382,0.884922142,0.889268293,0.891824938,0.893039717,0.891304348,0.897681855,0.88643435,0.87005277,0.874056416,0.885804638,0.882913547,0.894499295,0.906364749,0.87527769,0.891949911,0.881373215,0.895533687,0.889642696,0.881578947,0.889470242,0.875761838,0.88299532,0.88742767,0.884328358,0.897987191,0.891143911,0.875198476,0.879280822,0.883731411
0.889469104,0.886135298,0.900094251,0.868852459,0.884940778,0.899571341,0.870863971,0.905255366,0.879837067,0.877790834,0.889945652,0.88482835,0.881533101,0.881157154,0.885204082,0.885624344,0.896402878,0.877867746,0.879854997,0.878939828,0.872614108,0.889223359,0.879218472,0.886884108,0.907216495,0.968155683,1,0.949503669,0.893844781,0.894778481,0.909309791,0.901578459,0.910213244,0.892568659,0.90116636,0.909992372,0.905800958,0.872191011,0.905882353,0.9,0.891428571,0.873094512,0.892038601,0.887876664,0.885201306,0.880928011,0.87526959,0.885487528,0.89895288,0.875792988,0.907189542,0.898824368,0.884899683,0.890422417,0.858411445,0.885938669,0.88425114,0.884933775,0.887425525,0.897044335,0.888652267,0.896783844,0.884353741,0.716954023,0.714963244,0.898207426,0.753826531,0.771915584,0.860411899,0.77022977,0.737117904,0.754127358,0.727857143,0.694767442,0.763249651,0.882845188,0.833380006,0.75625,0.883317261,0.796610169,0.892307692,0.897292651,0.890712946,0.872623574,0.896130346,0.906067678,0.882749326,0.871665828,0.874336283,0.903516682,0.879211697,0.891965812,0.89494382,0.872737246,0.911208151,0.894500561,0.883400345,0.888187556,0.896778043,0.879893238,0.861733204,0.883888889,0.898882114,0.872789784,0.894299736,0.898563734,0.892022918,0.901467505,0.894002789,0.894131185,0.873035067,0.897160883,0.889295517,0.894736842,0.881088825,0.898725212,0.883144476,0.894669236,0.891438658,0.887010676,0.903902155,0.867383513
